Scheduler	Lambda	AvgServiceTime	AvgTurnaroundTime	Throughput	CPU Util	Avg#ProcReadyQ	Quantum

FCFS     	     1	          0.06	            0.063	      1.01	    0.06	         0.067	      0
FCFS     	     2	          0.06	            0.069	     2.008	   0.121	         0.143	      0
FCFS     	     3	          0.06	            0.071	     2.988	   0.177	         0.212	      0
FCFS     	     4	          0.06	            0.079	     4.012	   0.241	         0.313	      0
FCFS     	     5	          0.06	            0.087	      4.97	   0.301	         0.425	      0
FCFS     	     6	          0.06	            0.093	     5.971	   0.361	         0.553	      0
FCFS     	     7	          0.06	            0.102	     7.018	   0.418	         0.726	      0
FCFS     	     8	          0.06	            0.113	     7.999	   0.475	         0.936	      0
FCFS     	     9	          0.06	             0.13	     9.125	   0.545	         1.174	      0
FCFS     	    10	          0.06	            0.159	    10.248	   0.618	         1.637	      0
FCFS     	    11	          0.06	            0.169	    10.847	    0.66	         1.784	      0
FCFS     	    12	          0.06	            0.219	    11.837	   0.726	         2.607	      0
FCFS     	    13	          0.06	            0.278	    13.086	   0.793	         3.619	      0
FCFS     	    14	          0.06	            0.338	    13.942	   0.821	         4.807	      0
FCFS     	    15	          0.06	            0.504	    14.918	   0.899	         7.398	      0
FCFS     	    16	          0.06	            1.662	    15.986	   0.969	         26.71	      0
FCFS     	    17	          0.06	            3.764	    16.649	     1.0	        62.715	      0
FCFS     	    18	          0.06	           22.929	     16.53	   0.999	       410.511	      0
FCFS     	    19	          0.06	           36.849	    16.753	     1.0	        696.29	      0
FCFS     	    20	          0.06	           49.312	    16.582	   0.999	       976.358	      0
FCFS     	    21	          0.06	           61.267	    16.681	     1.0	      1278.382	      0
FCFS     	    22	          0.06	           69.708	    16.758	     1.0	      1534.673	      0
FCFS     	    23	          0.06	           87.593	    16.342	     1.0	      1984.836	      0
FCFS     	    24	          0.06	           93.826	    16.639	     1.0	      2247.628	      0
FCFS     	    25	          0.06	          104.253	    16.683	     1.0	      2617.809	      0
FCFS     	    26	          0.06	          107.571	    16.717	     1.0	      2800.423	      0
FCFS     	    27	          0.06	          115.669	    16.713	     1.0	      3109.608	      0
FCFS     	    28	          0.06	           121.65	    16.758	     1.0	       3413.91	      0
FCFS     	    29	          0.06	          120.317	    16.941	   0.999	      3443.012	      0
FCFS     	    30	          0.06	           135.74	    16.687	     1.0	      4121.002	      0
Scheduler	Lambda	AvgServiceTime	AvgTurnaroundTime	Throughput	CPU Util	Avg#ProcReadyQ	Quantum

SRTF     	     1	          0.06	            0.062	     1.002	    0.06	         0.064	      0
SRTF     	     2	          0.06	            0.064	     1.981	   0.119	         0.129	      0
SRTF     	     3	          0.06	            0.067	     3.012	   0.181	         0.201	      0
SRTF     	     4	          0.06	            0.068	     4.067	    0.24	         0.274	      0
SRTF     	     5	          0.06	            0.072	     5.031	   0.304	         0.359	      0
SRTF     	     6	          0.06	            0.075	     5.962	   0.359	         0.443	      0
SRTF     	     7	          0.06	             0.08	     6.925	   0.418	         0.551	      0
SRTF     	     8	          0.06	            0.082	     8.014	   0.474	         0.662	      0
SRTF     	     9	          0.06	            0.088	     9.007	   0.525	         0.812	      0
SRTF     	    10	          0.06	            0.095	     9.932	   0.595	          0.93	      0
SRTF     	    11	          0.06	            0.108	    11.098	   0.674	         1.185	      0
SRTF     	    12	          0.06	            0.109	    12.032	   0.711	         1.304	      0
SRTF     	    13	          0.06	            0.126	     12.79	   0.765	         1.598	      0
SRTF     	    14	          0.06	            0.155	    13.847	   0.837	         2.139	      0
SRTF     	    15	          0.06	            0.197	    14.832	   0.896	         2.976	      0
SRTF     	    16	          0.06	            0.353	    16.077	   0.965	         5.728	      0
SRTF     	    17	          0.06	            0.816	    17.057	   0.999	        20.343	      0
SRTF     	    18	          0.06	            0.699	    17.533	   0.997	        61.307	      0
SRTF     	    19	          0.06	            0.811	    18.569	   0.999	       144.963	      0
SRTF     	    20	          0.06	            0.706	    19.234	   0.999	        187.31	      0
SRTF     	    21	          0.06	            0.877	    19.931	   0.997	        247.52	      0
SRTF     	    22	          0.06	            0.745	    20.623	     1.0	       348.646	      0
SRTF     	    23	          0.06	            0.771	    21.192	     1.0	       403.121	      0
SRTF     	    24	          0.06	            0.916	    21.829	   0.999	       508.584	      0
SRTF     	    25	          0.06	            1.019	    22.462	     1.0	       509.221	      0
SRTF     	    26	          0.06	            0.588	      23.2	   0.999	       633.751	      0
SRTF     	    27	          0.06	            0.838	    24.197	     1.0	       796.814	      0
SRTF     	    28	          0.06	            0.559	    24.065	     1.0	       770.489	      0
SRTF     	    29	          0.06	            0.611	    24.735	     1.0	       841.878	      0
SRTF     	    30	          0.06	            0.895	    25.175	   0.999	       939.053	      0
Scheduler	Lambda	AvgServiceTime	AvgTurnaroundTime	Throughput	CPU Util	Avg#ProcReadyQ	Quantum

HRRN     	     1	          0.06	            0.063	     0.986	   0.059	         0.062	      0
HRRN     	     2	          0.06	            0.067	     2.004	   0.118	         0.139	      0
HRRN     	     3	          0.06	            0.074	     3.076	   0.186	          0.23	      0
HRRN     	     4	          0.06	             0.08	     4.011	   0.244	         0.327	      0
HRRN     	     5	          0.06	            0.082	     5.044	   0.299	         0.411	      0
HRRN     	     6	          0.06	            0.091	     6.029	   0.363	         0.576	      0
HRRN     	     7	          0.06	            0.098	     7.124	   0.428	         0.709	      0
HRRN     	     8	          0.06	            0.102	     7.906	   0.466	         0.829	      0
HRRN     	     9	          0.06	            0.115	     9.069	    0.54	         1.058	      0
HRRN     	    10	          0.06	            0.125	    10.054	   0.597	         1.256	      0
HRRN     	    11	          0.06	            0.139	    11.081	   0.654	         1.548	      0
HRRN     	    12	          0.06	            0.161	    11.959	    0.72	         1.929	      0
HRRN     	    13	          0.06	            0.193	     13.04	   0.786	         2.509	      0
HRRN     	    14	          0.06	            0.263	    13.846	   0.835	         3.649	      0
HRRN     	    15	          0.06	            0.289	    14.678	    0.87	         4.195	      0
HRRN     	    16	          0.06	            1.071	     16.03	   0.969	        17.116	      0
HRRN     	    17	          0.06	            1.019	    16.667	   0.989	        17.157	      0
HRRN     	    18	          0.06	           10.648	    17.331	     1.0	       202.457	      0
HRRN     	    19	          0.06	           16.646	    17.779	     1.0	       345.745	      0
HRRN     	    20	          0.06	           21.462	    18.021	   0.999	       461.796	      0
HRRN     	    21	          0.06	           26.129	    18.852	   0.999	       621.169	      0
HRRN     	    22	          0.06	           27.789	    19.099	     1.0	       706.092	      0
HRRN     	    23	          0.06	           28.062	    19.997	     1.0	       758.123	      0
HRRN     	    24	          0.06	           32.468	    20.453	     1.0	       943.916	      0
HRRN     	    25	          0.06	           32.346	    20.796	     1.0	      1023.775	      0
HRRN     	    26	          0.06	           34.882	    21.301	     1.0	      1137.484	      0
HRRN     	    27	          0.06	           32.236	    21.812	     1.0	      1143.753	      0
HRRN     	    28	          0.06	           34.029	    22.656	     1.0	      1306.461	      0
HRRN     	    29	          0.06	           36.104	     22.71	     1.0	      1388.884	      0
HRRN     	    30	          0.06	           36.959	    23.139	     1.0	      1491.069	      0
Scheduler	Lambda	AvgServiceTime	AvgTurnaroundTime	Throughput	CPU Util	Avg#ProcReadyQ	Quantum

RR       	     1	          0.06	            0.063	     0.991	   0.059	         0.065	   0.01
RR       	     2	          0.06	            0.068	     1.978	   0.118	         0.135	   0.01
RR       	     3	          0.06	            0.075	      3.06	   0.188	         0.224	   0.01
RR       	     4	          0.06	             0.08	     4.028	    0.24	         0.329	   0.01
RR       	     5	          0.06	            0.084	     5.055	   0.301	         0.425	   0.01
RR       	     6	          0.06	            0.091	     6.061	    0.36	         0.548	   0.01
RR       	     7	          0.06	            0.109	     7.023	   0.428	         0.774	   0.01
RR       	     8	          0.06	            0.123	     8.117	    0.49	         1.012	   0.01
RR       	     9	          0.06	            0.129	      8.98	   0.544	         1.145	   0.01
RR       	    10	          0.06	             0.15	     9.729	    0.58	         1.486	   0.01
RR       	    11	          0.06	            0.169	    10.915	   0.651	         1.869	   0.01
RR       	    12	          0.06	            0.213	    11.945	   0.718	         2.554	   0.01
RR       	    13	          0.06	            0.228	    12.926	   0.758	         2.906	   0.01
RR       	    14	          0.06	            0.366	    14.103	   0.846	         5.127	   0.01
RR       	    15	          0.06	            0.462	    14.686	   0.877	         6.794	   0.01
RR       	    16	          0.06	            0.774	    15.956	   0.946	        12.168	   0.01
RR       	    17	          0.06	           10.172	    16.648	   0.999	       172.407	   0.01
RR       	    18	          0.06	           25.806	    16.494	   0.999	       460.761	   0.01
RR       	    19	          0.06	           38.915	    16.449	     1.0	       732.827	   0.01
RR       	    20	          0.06	           54.368	    16.564	   0.999	      1066.275	   0.01
RR       	    21	          0.06	           63.073	    16.798	   0.999	       1336.47	   0.01
RR       	    22	          0.06	           78.648	    16.365	     1.0	      1717.725	   0.01
RR       	    23	          0.06	           86.262	    16.434	     1.0	       1969.24	   0.01
RR       	    24	          0.06	           94.001	    16.708	   0.999	      2284.422	   0.01
RR       	    25	          0.06	           99.577	    16.435	     1.0	      2475.063	   0.01
RR       	    26	          0.06	          112.521	    16.513	     1.0	      2932.428	   0.01
RR       	    27	          0.06	          115.328	    16.583	   0.999	      3093.564	   0.01
RR       	    28	          0.06	          120.901	    16.568	     1.0	       3356.26	   0.01
RR       	    29	          0.06	           129.33	    16.674	     1.0	      3713.032	   0.01
RR       	    30	          0.06	          129.346	    16.869	   0.999	      3890.078	   0.01
Scheduler	Lambda	AvgServiceTime	AvgTurnaroundTime	Throughput	CPU Util	Avg#ProcReadyQ	Quantum

RR       	     1	          0.06	            0.066	     0.997	    0.06	         0.065	    0.2
RR       	     2	          0.06	            0.074	     2.021	   0.124	         0.157	    0.2
RR       	     3	          0.06	            0.079	     2.955	   0.176	         0.237	    0.2
RR       	     4	          0.06	            0.087	     4.028	   0.242	         0.344	    0.2
RR       	     5	          0.06	            0.097	     5.046	   0.308	         0.482	    0.2
RR       	     6	          0.06	            0.109	     5.979	   0.358	         0.662	    0.2
RR       	     7	          0.06	            0.117	     7.048	   0.421	         0.829	    0.2
RR       	     8	          0.06	            0.133	     8.034	    0.48	         1.076	    0.2
RR       	     9	          0.06	            0.145	     9.036	   0.532	         1.296	    0.2
RR       	    10	          0.06	            0.164	    10.109	     0.6	          1.64	    0.2
RR       	    11	          0.06	            0.197	    10.965	   0.671	          2.13	    0.2
RR       	    12	          0.06	            0.213	    11.924	     0.7	          2.53	    0.2
RR       	    13	          0.06	            0.272	    12.946	   0.769	          3.51	    0.2
RR       	    14	          0.06	            0.477	    14.116	   0.844	         6.829	    0.2
RR       	    15	          0.06	            0.651	     15.33	   0.912	        10.025	    0.2
RR       	    16	          0.06	            1.255	    15.954	   0.958	        20.048	    0.2
RR       	    17	          0.06	            8.379	    16.601	   0.997	       141.581	    0.2
RR       	    18	          0.06	           21.725	    16.631	   0.998	       384.511	    0.2
RR       	    19	          0.06	            35.75	    16.825	   1.003	       678.388	    0.2
RR       	    20	          0.06	           48.261	    16.587	   0.996	       953.235	    0.2
RR       	    21	          0.06	           54.958	    16.716	   1.001	      1149.247	    0.2
RR       	    22	          0.06	           76.543	    16.665	   0.997	      1695.837	    0.2
RR       	    23	          0.06	           80.111	    16.688	   1.001	      1831.108	    0.2
RR       	    24	          0.06	           92.644	    16.564	   0.998	      2261.842	    0.2
RR       	    25	          0.06	          101.779	    16.547	   1.001	      2571.893	    0.2
RR       	    26	          0.06	          108.732	    16.569	     1.0	      2829.857	    0.2
RR       	    27	          0.06	          114.929	    16.747	     1.0	       3121.24	    0.2
RR       	    28	          0.06	          121.101	    16.699	   0.998	      3387.915	    0.2
RR       	    29	          0.06	          123.968	    16.727	     1.0	      3567.657	    0.2
RR       	    30	          0.06	          133.535	    16.771	   1.001	      3976.957	    0.2
